16 12 6
1 3 1 6 2 1
5 4 11 4 7 12 1 8 3 6 9 3 4 2 3 10
0 6 8 3 7 3 9 2 2 1 8 10 10 8 4 8
4 0 10 6 8 2 4 8 9 9 4 3 3 7 5 7
6 10 0 10 10 3 10 9 3 4 10 9 4 9 7 3
2 4 9 0 7 6 5 3 4 3 5 1 8 7 1 8
5 5 5 4 0 9 5 3 4 8 3 6 4 1 3 2
4 10 3 10 2 0 10 4 4 3 10 9 2 10 4 7
6 1 4 9 3 8 0 9 5 10 1 5 2 1 4 9
9 10 8 8 1 3 4 0 10 10 10 4 5 9 8 4
4 4 3 10 6 2 9 2 0 7 6 8 2 6 1 9
7 6 7 10 4 1 8 1 8 0 4 3 7 2 5 9
10 1 8 6 7 4 8 2 7 6 0 6 10 5 3 7
8 10 7 6 1 7 10 6 5 5 7 0 2 9 4 2
10 3 1 7 6 5 8 5 1 2 1 7 0 7 1 1
6 1 5 2 3 9 3 4 3 7 6 4 5 0 5 6
8 3 6 1 2 8 5 1 8 4 2 4 6 10 0 3
10 10 10 5 2 8 10 7 10 7 4 6 1 6 3 0 7
5 3 9 4 5 6 1 3 7 10 10 8
6 7 7 8 5 8 7 9 7 8 8 3
5 2 6 1 8 1 8 8 3 9 8 8
7 2 8 5 6 3 2 1 4 6 1 9
6 4 9 7 10 3 5 9 7 6 9 3
5 10 3 1 9 10 10 6 7 2 8 1
10 4 10 10 5 2 4 3 6 6 8 1
10 6 3 8 4 9 6 3 10 9 10 5
5 9 3 1 6 1 5 2 4 7 3 7
6 4 5 6 8 6 8 4 7 6 6 2
8 2 3 4 2 3 3 7 2 1 2 3
2 8 5 7 9 2 10 9 1 2 3 5
4 1 7 8 1 7 2 5 5 1 10 1
1 7 1 2 6 2 3 8 5 9 4 10
2 2 1 2 3 2 8 5 2 10 4 2
8 10 5 4 1 3 8 10 8 1 7 1
