14 10 5
1 10 1 6 1 1
0 10 8 3 7 5 7 2 4 3 9 1 6 7
10 0 6 4 1 7 3 10 9 9 2 5 7 9
8 6 0 4 9 9 7 6 7 1 2 10 4 9
3 4 4 0 5 8 10 7 1 2 9 6 10 5
7 1 9 5 0 5 3 1 10 5 4 1 6 7
5 7 9 8 5 0 10 10 6 4 4 2 10 6
7 3 7 10 3 10 0 10 7 2 4 10 10 2
2 10 6 7 1 10 10 0 9 1 2 2 9 7
4 9 7 1 10 6 7 9 0 4 9 9 6 4
3 9 1 2 5 4 2 1 4 0 10 8 1 4
9 2 2 9 4 4 4 2 9 10 0 1 2 1
1 5 10 6 1 2 10 2 9 8 1 0 1 10
6 7 4 10 6 10 10 9 6 1 2 1 0 1
7 9 9 5 7 6 2 7 4 4 1 10 1 0
7 7 6 10 3 9 6 5 8 4
2 2 2 2 10 4 6 1 1 3
8 10 6 8 3 4 5 9 6 8
7 10 9 7 10 3 4 4 5 2
2 3 10 6 2 3 7 8 2 9
4 7 6 2 7 2 9 10 7 1
1 8 7 4 9 8 3 3 9 4
7 6 8 9 7 5 9 2 3 10
7 2 4 5 8 3 4 7 2 2
8 7 1 9 5 5 6 5 9 6
4 8 9 7 8 8 1 9 7 1
10 8 2 1 5 4 10 7 9 10
3 3 3 1 7 6 3 5 5 2
5 7 7 2 6 8 1 3 9 2
5 6 2 4 2 10 5 3 7 10 3 2 3 5
