12 8 4
1 9 1 5 1 1
3 1 3 7 3 5 2 6 6 6 7 1
0 9 9 9 1 6 7 1 9 7 5 8
1 0 5 8 4 6 2 8 2 2 3 5
5 6 0 9 5 2 7 6 8 8 6 2
8 4 1 0 10 3 9 1 1 7 7 4
9 3 7 3 0 1 10 4 3 9 6 9
6 9 1 4 1 0 7 6 9 10 8 9
7 2 3 8 10 6 0 3 10 1 8 9
3 2 1 2 10 4 5 0 1 7 7 6
2 6 3 7 8 7 6 1 0 9 10 3
10 6 6 7 9 2 7 7 4 0 2 4
10 7 3 4 2 9 6 2 9 8 0 1
10 8 8 6 5 8 5 10 9 2 5 0
6 10 1 5 10 8 10 7
1 9 9 5 5 6 4 9
9 3 5 7 7 9 5 9
5 2 5 2 6 1 5 10
7 5 9 8 7 9 7 9
6 7 3 2 7 5 2 4
6 8 6 3 6 10 6 5
7 8 8 8 10 10 8 4
4 2 10 7 1 2 8 4
8 1 10 1 4 1 3 2
4 7 4 6 8 3 10 9
8 9 1 10 5 5 1 2
